每幅图像的标定误差：
第1幅图像的平均误差：0.0125433像素
第2幅图像的平均误差：0.0148049像素
第3幅图像的平均误差：0.0119774像素
第4幅图像的平均误差：0.0137684像素
第5幅图像的平均误差：0.0135341像素
第6幅图像的平均误差：0.0130565像素
第7幅图像的平均误差：0.0112196像素
总体平均误差：0.0129863像素

摄像机内参数矩阵(cameraMatrix)：
[2729.812012211375, 0, 1240.239983708357;
 0, 2717.265704213084, 1080.117180639105;
 0, 0, 1]

摄像机的畸变系数(distCoeffs)：
[0.01532677621421929, -0.2136191311862409, 0.0008182281723610089, 0.001528329162480636, 2.545331425599943]

第1幅图像的旋转向量：
[111.3422852212475;
 81.0784809953753;
 716.2810063727221]
第1幅图像的旋转矩阵：
[0.8539667590804372, -0.5140027979983331, 0.08088200068951737;
 0.5190768089267114, 0.8523302021148613, -0.06397259567425662;
 -0.03605607882336672, 0.09661444101543087, 0.9946685925307781]
第1幅图像的平移向量：
[-2.020878338383266;
 2.14693712204042;
 0.4254493149837661]

第2幅图像的旋转向量：
[118.5834048824481;
 83.01227746436201;
 723.7897708667498]
第2幅图像的旋转矩阵：
[-0.9371677987917494, -0.1124134433252858, 0.3302722129813223;
 0.1842694555052356, -0.9633403300561191, 0.194987631031231;
 0.2962453116517308, 0.2435952098197341, 0.9235259005990297]
第2幅图像的平移向量：
[-2.055886371793828;
 2.137422222773544;
 0.4489165100646246]

第3幅图像的旋转向量：
[171.1291996904752;
 -66.77231859091083;
 635.9642279746924]
第3幅图像的旋转矩阵：
[-0.5032181482445376, -0.8026385331703552, 0.3202231727209623;
 0.7186256540175024, -0.5944851116629254, -0.3607833441264104;
 0.4799465227139951, 0.04856786057939733, 0.8759523378891596]
第3幅图像的平移向量：
[-0.08019995192401173;
 -2.95088672935088;
 -0.5739820423152686]

第4幅图像的旋转向量：
[103.8258625527684;
 89.97796996428703;
 703.5031343695717]
第4幅图像的旋转矩阵：
[0.8753741591663761, -0.4768835518362339, 0.07938614143424602;
 0.4815126979551798, 0.8747092302762494, -0.055038933287766;
 -0.04319262867300344, 0.08640509509044771, 0.9953233426232536]
第4幅图像的平移向量：
[-1.997932755695455;
 2.167209560789132;
 0.4774275988814857]

第5幅图像的旋转向量：
[139.7282110861093;
 -68.16067594494449;
 659.4593299957804]
第5幅图像的旋转矩阵：
[0.5214624203214718, 0.8324336695306953, 0.1874330014275344;
 -0.8531719647610363, 0.5052640097081876, 0.1296374908712661;
 0.01321146238180357, -0.2275136618431207, 0.9736852627705055]
第5幅图像的平移向量：
[-0.05767711754961806;
 -3.003859675858386;
 -0.5033141696161169]

第6幅图像的旋转向量：
[139.1352081048067;
 64.33660285557103;
 702.7450975032549]
第6幅图像的旋转矩阵：
[-0.9135758025152966, -0.1167384523587884, 0.3895528036087106;
 0.185532414725127, -0.9720578961566705, 0.1438094906664059;
 0.361879781342914, 0.203655543161345, 0.9097073395300614]
第6幅图像的平移向量：
[-1.987652124074989;
 2.209559415753049;
 0.5449510257367819]

第7幅图像的旋转向量：
[169.8295145563346;
 95.54725973087893;
 729.6834342350561]
第7幅图像的旋转矩阵：
[0.3298723490599636, -0.9033109521258074, 0.2742509017218155;
 0.9434684449465114, 0.3054800250956786, -0.1286438792082824;
 0.03242725267229815, 0.3011831303992822, 0.9530147927744961]
第7幅图像的平移向量：
[-2.064680312682479;
 2.192891008169121;
 0.4268777349515911]


