x:  -53.883533,-40.928612,-21.391739,2.107507,3.594930
y:  55.133049,32.402653,50.16104,62.850151,37.490810
z:  895.801941,897.237793,899.748901,902.479065,902.427490