<?xml version="1.0"?>
<opencv_storage>
<cameraMatrix type_id="opencv-matrix">
  <rows>3</rows>
  <cols>3</cols>
  <dt>d</dt>
  <data>
    2.7461314908259324e+03 0. 1.2351353673665287e+03 0.
    2.7330704996405425e+03 1.0840987420078279e+03 0. 0. 1.</data></cameraMatrix>
<distCoeffs type_id="opencv-matrix">
  <rows>1</rows>
  <cols>5</cols>
  <dt>d</dt>
  <data>
    1.4380159149912655e-02 -2.2716748969185752e-01
    5.1084873876469108e-04 9.2577798545331685e-04 2.5549885553679368e+00</data></distCoeffs>
</opencv_storage>
