每幅图像的标定误差：
第1幅图像的平均误差：0.0124479像素
第2幅图像的平均误差：0.0149659像素
第3幅图像的平均误差：0.0131825像素
第4幅图像的平均误差：0.0128451像素
第5幅图像的平均误差：0.0140466像素
第6幅图像的平均误差：0.012239像素
第7幅图像的平均误差：0.0108558像素
总体平均误差：0.0129404像素

摄像机内参数矩阵(cameraMatrix)：
[2746.131490825932, 0, 1235.135367366529;
 0, 2733.070499640542, 1084.098742007828;
 0, 0, 1]

摄像机的畸变系数(distCoeffs)：
[0.01438015914991266, -0.2271674896918575, 0.0005108487387646911, 0.0009257779854533168, 2.554988555367937]

第1幅图像的旋转向量：
[112.6650326569489;
 80.03880878384552;
 720.2476275875739]
第1幅图像的旋转矩阵：
[-0.1464365340392518, 0.9867631931541542, 0.06967597961125897;
 -0.9473922539591008, -0.1601615608050357, 0.2771212578976748;
 0.2846124709791645, -0.02542980685558585, 0.9583053095367997]
第1幅图像的平移向量：
[-2.020729819651376;
 2.147208185759456;
 0.4283862490504824]

第2幅图像的旋转向量：
[119.9291858493247;
 81.96567390900981;
 727.7932160892373]
第2幅图像的旋转矩阵：
[0.7501374742426099, -0.6512896495189969, 0.1145231948835689;
 0.660447597431267, 0.7465671889784158, -0.08028949737128446;
 -0.03320754107405303, 0.1358647296773099, 0.9901707097493475]
第2幅图像的平移向量：
[-2.055817581492084;
 2.137718490249068;
 0.4521230891810219]

第3幅图像的旋转向量：
[172.2985483405481;
 -67.69238753349218;
 639.4422426906633]
第3幅图像的旋转矩阵：
[0.9530934446321309, 0.2994115460151425, 0.04433522202585068;
 -0.3020578663298788, 0.9502454244205556, 0.07612278736383207;
 -0.01933730041914712, -0.08594393219198385, 0.9961122975507728]
第3幅图像的平移向量：
[-0.08043741709719876;
 -2.948167234979581;
 -0.5752970345535129]

第4幅图像的旋转向量：
[105.1393941988988;
 88.95682241687045;
 707.3401552838427]
第4幅图像的旋转矩阵：
[-0.334799844352821, 0.9388587808703274, 0.08033214676584711;
 -0.8897319083648602, -0.3430489905783025, 0.3011553109288161;
 0.3103001699302645, 0.02935267697996977, 0.9501853634398701]
第4幅图像的平移向量：
[-1.997769198553606;
 2.167579596629232;
 0.481164729315335]

第5幅图像的旋转向量：
[140.9528211673025;
 -69.13370278081706;
 663.1582178153498]
第5幅图像的旋转矩阵：
[-0.8875637164110577, -0.2703548998208575, 0.3730132403192219;
 0.1876051874037779, -0.9516272915980483, -0.2433306218809227;
 0.4207552055171568, -0.1459922122190676, 0.8953498372153746]
第5幅图像的平移向量：
[-0.05799378242922464;
 -3.001593872213103;
 -0.5045558219126701]

第6幅图像的旋转向量：
[140.4383620813352;
 63.31860601861896;
 706.5421458179637]
第6幅图像的旋转矩阵：
[0.8450298081532109, -0.5289689149733178, 0.07820812185763357;
 0.5344459447021578, 0.8401905797712319, -0.09190931321198839;
 -0.01709255756069598, 0.1194641228806044, 0.9926913759172092]
第6幅图像的平移向量：
[-1.987478862197777;
 2.209791523143049;
 0.5488853559129451]

第7幅图像的旋转向量：
[171.18207023394;
 94.49814689763217;
 733.5578800916837]
第7幅图像的旋转矩阵：
[0.4859539567655558, 0.8739533118386686, 0.007372966168612327;
 -0.8435516845269948, 0.4668092459543893, 0.2655365952616778;
 0.2286248180656902, -0.1352580371649597, 0.9640725885257357]
第7幅图像的平移向量：
[-2.064805010387228;
 2.193364219777919;
 0.4311037872347264]


