<?xml version="1.0"?>
<opencv_storage>
<serialization_mat type_id="opencv-matrix">
  <rows>132</rows>
  <cols>131</cols>
  <dt>u</dt>
  <data>
    103 114 118 121 124 119 123 134 136 142 138 141 152 157 158 152 163
    162 158 157 167 158 160 165 161 157 167 168 176 167 170 173 179 172
    173 173 188 173 187 180 186 188 183 179 187 181 176 181 179 173 176
    178 172 174 178 179 172 182 175 181 189 188 176 188 182 176 174 173
    172 176 164 167 156 159 161 162 154 152 159 153 149 145 138 149 138
    129 137 130 138 130 131 127 121 125 131 122 123 118 113 119 122 120
    118 124 121 118 117 126 122 132 126 124 128 129 124 135 129 140 136
    138 142 144 144 135 151 152 153 155 157 155 159 107 115 119 118 120
    128 131 137 133 135 147 141 147 152 158 149 153 162 164 171 166 172
    162 165 161 162 165 170 169 168 173 183 172 177 175 176 181 183 194
    187 188 185 190 182 186 189 180 172 185 185 176 184 183 183 183 186
    186 180 183 188 196 192 181 187 197 187 180 182 172 183 183 178 170
    173 178 164 165 157 150 150 155 149 146 144 145 135 136 138 133 132
    128 124 128 127 127 127 119 123 124 112 118 132 113 118 123 116 120
    119 128 124 119 117 121 123 124 127 129 125 135 135 144 143 141 145
    147 156 152 158 158 160 161 120 115 121 129 130 130 137 132 144 138
    144 143 156 155 151 159 159 164 162 159 168 167 166 170 169 163 168
    172 175 174 168 176 172 176 181 182 177 195 183 186 186 187 189 189
    183 193 188 189 192 183 182 186 191 196 194 186 190 195 184 197 201
    204 195 198 195 196 200 187 187 187 180 177 175 183 174 169 171 161
    153 157 163 149 148 152 150 141 143 131 134 131 127 127 117 126 132
    128 120 120 120 125 123 131 130 118 123 119 115 127 116 128 120 117
    120 122 123 128 128 128 130 134 133 134 144 145 145 148 146 153 150
    160 158 116 119 124 129 130 133 131 149 142 142 142 145 154 159 157
    156 158 164 160 170 168 174 168 164 174 168 180 171 169 174 168 184
    184 183 178 174 183 184 185 190 193 187 187 191 195 189 192 179 191
    196 193 194 191 199 193 199 204 198 206 207 215 213 215 220 209 219
    203 209 198 198 211 198 193 191 184 181 178 176 171 164 165 156 157
    157 148 150 140 137 137 135 135 137 135 128 134 121 125 116 124 120
    120 123 121 123 119 120 123 127 126 121 114 121 121 121 124 125 128
    121 128 134 134 133 139 133 139 145 142 154 151 152 155 117 111 124
    125 134 138 136 146 146 146 148 153 159 154 157 164 161 165 163 164
    169 170 165 171 167 172 173 173 165 173 178 176 177 187 184 184 182
    190 187 192 198 201 195 193 188 193 197 184 192 201 198 201 204 199
    210 216 211 215 219 220 228 226 231 236 231 225 225 223 226 212 213
    207 211 205 195 192 182 190 184 179 168 158 159 163 149 149 147 142
    142 134 139 131 133 130 126 128 120 120 133 121 124 123 117 113 117
    121 122 119 117 125 117 120 116 117 124 115 123 127 118 122 132 130
    130 141 141 147 145 150 149 158 151 119 125 125 134 133 136 141 137
    140 146 141 149 154 169 157 157 158 163 163 162 167 171 166 168 170
    169 165 176 167 176 180 178 174 183 190 188 188 189 196 188 198 201
    194 192 203 206 202 210 209 212 212 212 217 228 227 235 227 234 230
    239 245 243 234 249 252 238 236 247 238 238 243 231 214 220 217 201
    190 187 187 185 172 167 163 158 161 151 156 154 142 142 137 135 128
    129 126 122 121 122 120 128 125 121 118 121 118 121 119 123 116 121
    123 117 114 116 115 126 123 127 115 128 126 130 137 139 139 148 141
    148 148 155 156 124 128 131 131 132 140 144 145 150 149 156 155 156
    160 172 170 161 164 162 176 172 171 178 167 167 173 172 171 174 179
    184 179 188 178 190 193 191 198 197 198 196 212 211 210 215 206 219
    216 216 231 232 233 242 236 246 246 240 250 252 253 255 255 255 255
    255 255 255 255 255 255 255 252 242 238 238 222 211 208 202 199 194
    188 173 174 170 156 154 152 152 138 146 138 136 128 135 127 117 132
    128 128 126 121 121 116 122 124 126 132 119 121 116 115 124 116 118
    118 123 126 118 126 127 122 127 128 141 138 142 146 148 156 157 124
    130 123 131 140 145 139 143 146 153 150 162 159 164 165 162 170 173
    165 175 175 182 184 176 185 174 179 186 180 177 176 181 183 190 191
    192 191 192 204 204 205 204 211 214 220 217 232 232 249 237 242 240
    254 255 255 255 255 255 255 255 255 255 255 255 255 255 255 255 255
    255 255 255 255 255 241 247 236 217 216 207 192 183 184 181 169 165
    158 153 150 148 143 143 135 131 131 140 126 124 126 129 125 129 127
    121 123 121 126 124 125 120 118 123 122 116 117 117 118 118 117 126
    121 128 129 134 129 137 137 141 144 151 148 127 134 135 129 141 140
    146 142 150 152 159 159 157 162 166 174 168 168 176 174 175 171 180
    179 174 180 186 180 185 183 182 180 191 194 187 197 202 194 213 208
    208 220 214 229 231 243 245 250 255 255 255 255 255 255 255 255 255
    255 255 255 255 255 255 255 255 255 255 255 255 255 255 255 255 255
    255 255 255 251 230 217 203 205 203 187 178 180 167 162 155 146 157
    141 143 146 140 138 137 134 135 132 127 127 126 123 118 118 124 117
    127 120 120 120 128 127 120 116 119 119 126 119 122 121 129 132 130
    128 138 144 144 145 158 129 125 131 135 133 147 144 149 161 154 160
    161 163 165 166 169 169 162 172 174 177 179 171 172 177 180 182 187
    189 182 185 186 189 193 195 204 204 207 219 215 227 232 239 240 250
    237 255 248 255 255 255 255 255 255 255 255 255 255 255 255 255 255
    255 255 255 255 255 255 255 255 255 255 255 255 255 255 254 251 246
    235 227 208 197 197 190 182 179 176 162 162 154 148 146 141 149 145
    141 136 134 126 131 125 128 129 121 122 122 124 115 120 127 122 124
    113 118 115 119 111 115 119 120 125 125 126 131 129 131 134 136 141
    140 131 127 137 134 139 139 151 153 154 159 164 173 165 168 175 169
    175 171 170 172 176 179 184 182 181 188 181 186 186 195 194 183 198
    203 210 214 208 213 230 222 236 253 251 249 255 254 255 255 255 255
    255 255 255 255 255 255 255 255 255 255 255 255 255 255 255 255 255
    255 255 255 255 255 255 255 255 255 255 255 255 253 239 236 227 212
    203 187 189 184 171 173 170 159 152 156 148 149 142 147 144 135 138
    138 132 122 129 127 129 124 119 122 117 116 117 117 115 117 114 123
    121 122 122 124 124 128 132 134 135 131 133 140 147 139 131 138 138
    146 147 147 156 160 162 163 156 172 167 175 178 176 171 174 177 174
    173 180 181 182 175 185 190 183 196 198 186 205 204 216 211 220 227
    234 242 248 255 255 255 255 255 255 255 255 255 255 255 255 255 255
    255 255 255 255 255 255 255 255 255 255 255 255 255 255 255 255 255
    255 255 255 255 255 255 255 255 255 243 237 230 221 204 199 189 179
    177 174 166 174 158 165 154 155 154 143 142 139 137 140 133 125 128
    125 127 129 117 126 124 123 115 118 115 121 117 119 123 120 117 133
    127 127 124 125 126 137 138 143 131 132 142 147 149 154 153 159 166
    165 169 168 169 164 180 182 180 181 175 182 183 179 182 186 179 181
    189 192 196 195 206 206 210 217 224 214 232 236 255 255 255 255 255
    255 255 255 255 255 255 255 255 255 255 255 255 255 255 255 255 255
    255 255 255 255 255 255 255 255 255 255 255 255 255 255 255 255 255
    255 255 255 255 255 255 244 232 224 213 196 209 193 186 176 178 167
    173 161 170 157 149 156 143 140 140 138 140 132 135 124 132 133 127
    128 121 122 119 115 120 123 118 115 127 120 123 126 122 124 134 133
    131 138 139 138 134 141 147 149 149 158 165 167 159 167 166 170 172
    178 173 179 180 187 176 181 180 191 183 185 191 194 195 202 204 201
    211 220 221 220 239 244 252 255 255 255 255 255 255 255 255 255 255
    255 255 255 255 255 255 255 255 255 255 255 255 255 255 255 255 255
    255 255 255 255 255 255 255 255 255 255 255 255 255 255 255 255 255
    255 255 247 241 232 223 212 206 200 197 190 187 185 177 179 169 165
    154 147 147 137 144 136 131 135 136 132 126 126 132 121 124 121 121
